"rent" <-
structure(list(Rent = c(18.38, 20, 11.5, 25, 52.5, 82.5, 25, 
30.67, 12, 61.25, 60, 57.5, 31, 60, 72.5, 60.33, 49.75, 8.5, 
36.5, 60, 16.25, 50, 11.5, 35, 75, 31.56, 48.5, 77.5, 21.67, 
19.75, 56, 25, 40, 56.67, 51.79, 96.67, 50.83, 34.33, 48.75, 
25.8, 20, 16, 48.67, 20.78, 32.5, 19, 51.5, 49.17, 85, 58.75, 
19.33, 5, 65, 20, 62.5, 35, 99.17, 40.25, 39.17, 37.5, 26.25, 
52.14, 22.5, 90, 28, 50, 24.5), AllRent = c(15.5, 22.29, 12.36, 
31.84, 83.9, 72.25, 27.14, 40.41, 12.42, 69.42, 48.46, 69, 26.09, 
62.83, 77.06, 58.83, 59.48, 9, 20.64, 81.4, 18.92, 50.32, 21.33, 
46.85, 65.94, 38.68, 51.19, 59.42, 24.64, 26.94, 46.2, 26.86, 
20, 62.52, 56, 71.41, 65, 36.28, 59.88, 23.62, 24.2, 17.09, 44.56, 
34.46, 31.55, 26.94, 58.71, 65.74, 69.05, 57.54, 21.73, 6.17, 
51, 18.25, 69.88, 26.68, 75.73, 41.77, 48.5, 21.89, 38.33, 53.95, 
17.17, 82, 40.6, 53.89, 54.17), Cows = c(17.25, 18.51, 11.13, 
5.54, 5.44, 20.37, 31.2, 4.29, 8.69, 6.63, 27.4, 31.23, 28.5, 
29.98, 13.59, 45.46, 35.9, 8.89, 23.81, 4.54, 29.62, 21.36, 1.53, 
5.42, 22.1, 14.55, 7.59, 49.86, 11.46, 2.48, 31.62, 53.73, 40.18, 
15.89, 14.25, 21.37, 13.24, 5.85, 32.99, 28.89, 6.29, 33.34, 
16.7, 4.2, 23.47, 8.28, 7.4, 7.71, 46.18, 14.98, 6.58, 13.68, 
50.5, 16.12, 31.48, 58.6, 35.43, 4.53, 6.82, 43.7, 2.83, 42.54, 
24.16, 7.89, 3.27, 53.16, 5.57), Pasture = c(0.24, 0.2, 0.12, 
0.12, 0.04, 0.05, 0.27, 0.1, 0.41, 0.04, 0.12, 0.08, 0.21, 0.17, 
0.05, 0.16, 0.32, 0.08, 0.24, 0.05, 0.72, 0.19, 0.1, 0.08, 0.09, 
0.17, 0.13, 0.13, 0.21, 0.1, 0.26, 0.43, 0.56, 0.05, 0.15, 0.05, 
0.08, 0.1, 0.21, 0.24, 0.06, 0.66, 0.15, 0.03, 0.19, 0.1, 0.04, 
0.02, 0.22, 0.11, 0.06, 0.18, 0.24, 0.32, 0.07, 0.23, 0.05, 0.08, 
0.08, 0.36, 0.04, 0.25, 0.36, 0.03, 0.02, 0.24, 0.06), Liming = structure(c(1, 
2, 1, 2, 1, 2, 1, 2, 1, 2, 1, 1, 2, 1, 1, 1, 1, 1, 1, 2, 1, 2, 
2, 2, 1, 2, 2, 1, 2, 2, 1, 1, 1, 1, 2, 1, 2, 2, 1, 2, 2, 1, 2, 
2, 2, 2, 2, 2, 2, 2, 1, 1, 1, 1, 1, 1, 1, 2, 2, 1, 2, 1, 1, 2, 
2, 1, 2), .Label = c("No", "Yes"), class = "factor")), .Names = c("Rent", 
"AllRent", "Cows", "Pasture", "Liming"), class = "data.frame", row.names = c("1", 
"2", "3", "4", "5", "6", "7", "8", "9", "10", "11", "12", "13", 
"14", "15", "16", "17", "18", "19", "20", "21", "22", "23", "24", 
"25", "26", "27", "28", "29", "30", "31", "32", "33", "34", "35", 
"36", "37", "38", "39", "40", "41", "42", "43", "44", "45", "46", 
"47", "48", "49", "50", "51", "52", "53", "54", "55", "56", "57", 
"58", "59", "60", "61", "62", "63", "64", "65", "66", "67"))
